#Steps ,and Temp, are followed by (rej, acc) for each MC Move.
#(nStep, T) TRANS CLSTER SM_CLSTER FACE LOCAL DBPVT PIVOT BR_ROT
0	2.00	1	0	0	0	0	0	0	0	0	0	0	0	0	0	0	0	0	0	0	0	0	0	
2500000	2.00	458067	40964	432445	67299	498612	207	249442	339	148854	100634	18136	81745	114	49652	15	5006	159173	89494	0	0	99800	2	
5000000	2.00	458156	41255	432033	67075	498431	201	249579	319	147605	101696	17748	81825	101	49563	13	4939	159486	90446	0	0	99528	1	
7500000	2.00	457050	41279	431526	66953	499055	206	249453	345	149927	100094	18032	81541	99	50291	12	5063	159822	89321	0	0	99931	0	
10000000	2.00	458223	40672	432210	66723	500084	215	248995	332	149795	99179	17652	81940	88	49479	9	5040	159893	89506	0	0	99965	0	
12500000	2.00	458087	40949	432372	67136	498975	200	248588	355	148386	100211	17574	81866	98	50042	12	4966	159716	90030	0	0	100437	0	
15000000	2.00	457502	41087	431509	66540	498699	198	249449	339	148039	103006	17724	81790	104	49668	14	4828	159751	90094	0	0	99658	0	
17500000	2.00	457565	40821	431930	66967	499106	217	248608	319	147527	101702	17640	82480	117	50066	13	5001	159388	90184	0	0	100349	0	
20000000	2.00	459152	41056	432296	66988	497697	224	249005	379	148254	101323	18061	82059	105	49815	11	5003	158337	90541	0	0	99694	0	
22500000	2.00	457733	40696	431179	67640	498876	245	250438	347	147649	101510	18186	81525	97	49602	13	4934	160127	89510	0	0	99693	0	
25000000	2.00	458945	40928	432317	66972	498341	216	249025	349	147169	102306	17984	81836	106	49449	8	5069	159579	89942	0	0	99458	1	
27500000	2.00	456663	40886	432668	67313	499902	191	249377	348	148239	100923	17963	81668	100	49625	11	4997	160505	89236	0	0	99385	0	
30000000	2.00	457855	41289	431885	67322	498282	225	248907	382	148004	101447	18094	81566	109	50171	7	4958	159701	89734	0	0	100062	0	
32500000	2.00	456984	40774	433083	66942	499109	227	250018	339	148488	100815	17925	81646	98	49589	13	5026	158900	89918	0	0	100106	0	
35000000	2.00	458619	41245	432566	67001	498538	212	249764	359	147380	101520	17725	81492	121	49677	10	4945	158979	90536	0	0	99310	1	
37500000	2.00	458213	40801	431836	66658	499957	199	248880	373	148261	100519	18296	81488	132	49722	4	5097	159810	89797	0	0	99957	0	
40000000	2.00	457465	40894	431953	67148	499184	216	249640	367	148196	101018	17785	82148	117	50196	7	5051	159559	89184	0	0	99872	0	
42500000	2.00	458450	40750	432742	67050	498379	239	248843	367	148688	100021	18087	81967	120	49909	11	4984	159672	90245	0	0	99475	1	
45000000	2.00	459001	40764	431636	66794	498162	229	248630	316	149729	99590	18055	82068	112	49823	12	5019	159899	90136	0	0	100025	0	
47500000	2.00	458053	41242	432545	67109	497714	206	249401	347	148534	101198	17841	81887	110	49656	14	4913	160210	89519	0	0	99500	1	
50000000	2.00	458424	40829	431980	67003	499144	204	248506	319	148961	100817	18208	81596	108	49882	10	4902	159964	89086	0	0	100057	0	
52500000	2.00	457323	40804	432507	67220	499928	210	248670	380	147833	101531	17927	81500	106	49476	6	5157	159827	90028	0	0	99567	0	
55000000	2.00	457993	41214	431936	66674	498262	210	249873	332	150509	99713	18034	81930	110	49782	9	4920	158638	90207	0	0	99654	0	
57500000	2.00	457952	40914	432977	67137	498459	208	248478	322	148459	101231	17848	81167	113	49687	10	4962	160180	89863	0	0	100033	0	
60000000	2.00	458427	40674	431455	66672	498962	230	249051	385	148315	101749	18145	81874	136	49708	7	5007	159752	89233	0	0	100217	1	
62500000	2.00	458065	40735	430775	67204	499807	218	249137	341	148640	100884	18202	81685	99	49900	14	4944	160230	89333	0	0	99787	0	
65000000	2.00	458473	41019	431712	66360	499067	216	248536	352	146694	103352	17920	81784	108	50228	17	4901	160120	89274	0	0	99866	1	
67500000	2.00	458362	40754	431392	66739	498191	222	249337	361	149619	100299	17951	81956	106	49639	9	4985	160080	89528	0	0	100469	1	
70000000	2.00	457889	40819	432421	66301	498995	242	249448	307	147139	102475	18169	81693	107	49504	13	4920	159385	89928	0	0	100245	0	
72500000	2.00	458308	41388	431325	66788	499238	237	248711	362	147292	101297	18119	82131	113	49433	14	4930	160750	89674	0	0	99890	0	
75000000	2.00	457900	40952	432092	66495	499737	233	248869	374	148043	101467	18056	81373	102	49730	7	4899	159919	89982	0	0	99770	0	
77500000	2.00	458844	41063	431354	66945	497714	203	249575	351	148090	101758	18006	82012	112	49440	14	4946	159657	90082	0	0	99834	0	
80000000	2.00	459083	40938	431891	66681	499068	215	249210	356	147312	101864	18009	81961	127	49389	16	4932	159333	89748	0	0	99867	0	
82500000	2.00	458187	40936	431143	67406	499097	221	248948	358	149139	99979	18256	82068	111	49758	11	5054	160020	89486	0	0	99822	0	
85000000	2.00	457862	41332	432827	67346	498281	217	248173	359	147093	102256	18062	82053	106	49611	15	4913	159804	90088	0	0	99602	0	
87500000	2.00	458362	41214	432270	67091	498048	222	249209	344	149350	100776	17879	81874	96	49450	7	5003	159705	89289	0	0	99811	0	
90000000	2.00	458283	41032	431763	67203	498751	245	248860	328	146857	102297	17751	82255	108	49994	6	5061	159117	89970	0	0	100119	0	
92500000	2.00	457854	41143	432612	66703	498215	224	248850	338	146934	102674	18123	81790	102	49768	6	5096	159645	90183	0	0	99740	0	
95000000	2.00	458102	41102	431587	66536	498939	222	249522	357	148972	100523	18073	81706	118	49526	12	4927	159736	90197	0	0	99843	0	
97500000	2.00	458146	41016	432714	66726	498593	202	249533	333	148784	101137	17716	81857	108	49844	10	4948	159156	89314	0	0	99863	0	
100000000	2.00	459174	40773	432005	66804	498489	211	249539	338	148017	101479	18336	81270	111	50005	10	4843	158967	90019	0	0	99610	0	
102500000	2.00	457186	41122	432102	66973	499203	237	249605	304	147212	101664	17940	82082	126	50329	12	5014	159368	89662	0	0	99859	0	
105000000	2.00	457300	41180	432613	67364	497561	213	249232	309	147875	101303	17894	82250	101	49957	8	5082	159489	90484	0	0	99785	0	
107500000	2.00	457831	40851	431999	66911	499600	208	249341	338	147820	100820	18031	81417	111	49595	14	5021	159842	90230	0	0	100020	0	
110000000	2.00	458205	40962	432009	66421	497774	215	249682	390	148021	101460	17839	82132	107	49691	8	5108	159651	90019	0	0	100306	0	
112500000	2.00	457780	40885	433327	67070	498513	200	249040	358	148294	100625	17470	82397	102	49576	10	5179	159730	89755	0	0	99689	0	
115000000	2.00	458036	40623	431425	66985	499489	189	248777	356	149910	99945	18002	81693	112	49699	10	5010	160589	89188	0	0	99962	0	
117500000	2.00	458056	40869	433258	66952	498703	184	249245	370	147957	101995	17794	81758	108	49577	22	4937	159387	89253	0	0	99575	0	
120000000	2.00	457918	40902	431505	66929	498965	230	249349	362	147042	102657	17806	81928	118	49697	9	4863	159879	89874	0	0	99967	0	
122500000	2.00	457619	41068	432303	67345	497616	211	249431	358	148835	100645	18003	82202	112	49580	8	4878	160004	90211	0	0	99569	0	
125000000	2.00	457597	41266	432605	67220	498267	206	249367	309	147723	101781	18026	82217	116	49287	7	4839	159428	89607	0	0	100132	0	
127500000	2.00	458450	41200	431867	66675	499226	223	249445	355	147524	101905	17897	81516	94	49754	11	4957	160421	89187	0	0	99293	0	
130000000	2.00	458191	41064	431546	66950	500129	240	248402	352	147976	101320	17580	81808	84	50073	21	4958	160476	89617	0	0	99213	0	
132500000	2.00	459122	40665	431142	67066	498497	249	248942	322	149148	101153	17661	81953	117	50032	13	5090	159786	89472	0	0	99570	0	
135000000	2.00	458121	40993	432052	66680	498339	230	249287	328	148750	101596	17918	82290	108	49779	10	5133	159155	89832	0	0	99399	0	
137500000	2.00	458230	40970	431709	66128	498816	232	249010	338	149450	99801	18191	81349	106	50053	11	5067	160021	89856	0	0	100662	0	
140000000	2.00	457846	40773	431743	67234	499722	228	248729	349	147224	102453	17757	81463	114	49648	13	5019	159894	89814	0	0	99977	0	
142500000	2.00	458426	41307	433080	67270	497010	198	249055	355	149053	100490	17913	81194	111	49776	14	4982	160014	90110	0	0	99641	1	
145000000	2.00	456933	40946	433024	67084	499865	228	248943	338	147989	100782	18032	81803	90	49575	17	5055	159747	89886	0	0	99662	1	
147500000	2.00	457352	40714	432174	67031	498692	212	248727	363	148625	101534	17941	81517	106	50040	10	5036	160399	89758	0	0	99769	0	
150000000	2.00	458648	40974	432498	66763	497756	244	249618	348	146891	102363	17819	81707	114	50062	10	4885	159190	89767	0	0	100343	0	
152500000	2.00	457273	40972	432256	67142	498756	207	249547	382	147995	101381	17888	81858	97	49664	25	4981	160275	89489	0	0	99809	2	
155000000	2.00	458413	41670	431348	67413	498579	244	248423	358	147276	101856	17964	82246	116	49641	16	4885	159911	89771	0	0	99869	1	
157500000	2.00	458237	40751	431869	67178	498283	237	249751	364	147369	101865	17996	81576	107	50362	7	4970	159996	89507	0	0	99575	0	
160000000	2.00	458388	41068	431539	66683	499718	210	248474	302	146868	101676	17811	82146	112	50017	8	5063	160123	90131	0	0	99662	1	
162500000	2.00	458008	41264	432277	66332	498983	211	249544	320	146627	102106	18024	81873	100	49861	8	4974	159695	90322	0	0	99470	1	
165000000	2.00	458467	41118	431725	67519	498324	207	248794	328	148386	100448	17649	81965	115	50057	9	4954	159793	89919	0	0	100223	0	
167500000	2.00	457347	40565	432657	66807	497766	273	249472	364	148490	101010	18076	81629	117	49947	8	5030	160206	90249	0	0	99987	0	
170000000	2.00	457210	41071	432745	67375	498064	217	249237	360	148810	100919	18065	81381	83	49947	9	5060	159614	90002	0	0	99830	0	
172500000	2.00	457578	40815	431565	66971	498923	195	249018	350	149833	99911	17904	81826	108	49918	16	5019	159907	89857	0	0	100286	0	
175000000	2.00	458337	41001	431481	67164	498987	216	249170	329	148155	102130	17872	81871	118	49635	13	4913	158879	90061	0	0	99668	0	
177500000	2.00	456918	41103	431967	66860	500053	221	248964	342	149907	99685	18108	82183	122	49921	15	4953	159608	89898	0	0	99172	0	
180000000	2.00	457055	41140	432851	66652	498292	212	248657	354	147134	102782	18017	82073	114	49496	10	5024	160109	89992	0	0	100036	0	
182500000	2.00	457849	40998	431130	67619	499842	246	247697	292	148262	101810	18125	81798	115	49471	10	5024	160376	90236	0	0	99100	0	
185000000	2.00	457114	41220	431874	67202	499267	217	248934	351	148760	101109	18037	81735	111	49809	15	5065	159501	89779	0	0	99900	0	
187500000	2.00	458628	41305	432429	66235	498387	230	249108	342	149012	100670	18190	82053	116	49600	7	5006	159593	89309	0	0	99780	0	
190000000	2.00	457752	41014	431943	66961	498017	225	248587	357	148076	102479	18132	81670	110	49534	11	4980	159501	90518	0	0	100133	0	
192500000	2.00	457000	40833	431417	66804	498843	202	250118	342	148949	100532	18068	81911	96	50133	12	4989	159718	90158	0	0	99875	0	
195000000	2.00	458299	41093	432523	67609	498962	227	248598	365	147765	101000	17994	81498	123	49731	15	5080	159235	89552	0	0	100331	0	
197500000	2.00	458836	40688	432014	67002	498528	241	249133	370	149709	99507	18099	81436	107	49687	10	4946	160339	89771	0	0	99575	1	
200000000	2.00	457799	41019	432692	67147	497913	232	249192	327	147672	100838	18043	81850	115	50091	15	4997	159969	90180	0	0	99909	0	
