#Steps ,and Temp, are followed by (rej, acc) for each MC Move.
#(nStep, T) TRANS CLSTER SM_CLSTER FACE LOCAL DBPVT PIVOT BR_ROT
0	1.50	0	0	0	0	1	0	0	0	0	0	0	0	0	0	0	0	0	0	0	0	0	0	
2500000	1.50	461959	37998	433156	66551	497233	243	249610	355	176318	73364	24218	75458	92	49378	16	5036	161938	87592	0	0	99485	0	
5000000	1.50	460487	38194	432451	66213	499767	242	249031	313	175600	74301	24155	75265	107	49924	7	5017	162155	87063	0	0	99707	0	
7500000	1.50	461046	38155	433396	66097	499181	233	249126	354	176293	73201	24224	74735	107	49662	5	4989	161776	87405	0	0	100014	0	
10000000	1.50	460618	37752	432501	66448	499369	259	249077	369	175611	73603	24217	74990	111	49422	7	4931	162933	87569	0	0	100213	0	
12500000	1.50	460665	38183	433775	65999	498874	244	249422	327	176527	73176	24218	75060	114	49970	29	4942	162593	86581	0	0	99301	0	
15000000	1.50	460396	38460	432622	66493	499239	278	248882	354	175526	73987	24466	75149	140	49562	12	5015	163035	86474	0	0	99910	0	
17500000	1.50	459525	38515	432518	66370	498698	238	248650	375	174711	75663	24297	75790	99	49863	11	5074	163159	87001	0	0	99443	0	
20000000	1.50	461182	38321	432957	66056	498956	207	249015	379	174821	75172	24560	75363	120	49720	8	4916	161746	87096	0	0	99405	0	
22500000	1.50	460751	38227	433736	66575	497984	252	249591	343	176506	72553	24343	75403	105	49698	11	4890	161963	87285	0	0	99784	0	
25000000	1.50	460966	38229	433527	66163	498153	248	248279	399	174987	74485	24357	75250	101	49782	9	4969	162766	87103	0	0	100227	0	
27500000	1.50	459612	38302	432616	66589	498932	239	249193	329	175041	75324	24176	75670	105	50169	8	4969	162160	86639	0	0	99925	2	
30000000	1.50	461504	37881	432425	66484	498415	240	249625	325	175864	73416	24682	75609	109	49643	10	4991	162526	86433	0	0	99818	0	
32500000	1.50	461676	38016	432999	65849	498421	238	249624	341	176484	73066	24488	75531	99	49690	8	4937	162257	86611	0	0	99665	0	
35000000	1.50	459561	38293	432760	65979	498457	242	250090	338	176431	73761	24367	75296	113	49636	14	5057	162082	87530	0	0	99993	0	
37500000	1.50	460755	38260	432766	66315	498589	250	248614	346	176538	73510	24281	75492	96	50279	4	4858	162918	86190	0	0	99939	0	
40000000	1.50	461158	38085	432911	66140	498786	259	249304	366	175340	74132	24481	75036	113	49796	16	4917	162956	86344	0	0	99859	1	
42500000	1.50	460395	38127	432047	66287	498459	229	248761	313	177105	72602	24414	75952	109	49372	13	5096	163531	87059	0	0	100128	0	
45000000	1.50	461390	38022	431147	66630	498867	263	249759	354	175917	73567	23972	75751	95	49850	17	4902	162961	86720	0	0	99815	1	
47500000	1.50	461082	38524	432778	66613	498561	237	248926	351	174603	74445	24269	75092	114	49804	10	5077	163145	86813	0	0	99555	1	
50000000	1.50	461347	38141	433057	66060	498270	199	249672	335	177213	72446	24009	75897	99	49381	12	5044	161988	87167	0	0	99663	0	
52500000	1.50	459888	37829	434110	66546	498573	261	249651	368	173097	76443	24307	75785	123	49834	17	4880	161970	86571	0	0	99746	1	
55000000	1.50	460672	38504	433575	66027	498259	234	249764	358	173684	76217	24383	74741	101	49874	13	5143	161929	86910	0	0	99612	0	
57500000	1.50	461165	37829	433818	66451	497906	233	248765	350	175767	73508	24406	75642	123	49401	7	4931	162474	87065	0	0	100159	0	
60000000	1.50	461399	38226	432308	66224	498403	252	249890	379	176249	73078	24474	75399	104	49894	16	5092	162514	86286	0	0	99812	1	
62500000	1.50	461626	37823	432629	66161	498821	219	249692	350	177134	72647	24118	75528	101	49859	9	4912	162226	86917	0	0	99228	0	
65000000	1.50	460899	38206	432642	66142	499267	246	249453	344	177227	72775	24085	75403	91	49998	13	4988	162104	87113	0	0	99004	0	
67500000	1.50	460425	38355	432246	65991	500526	256	248465	348	174854	75145	24174	75484	110	49564	11	5020	162017	87333	0	0	99676	0	
70000000	1.50	460718	38247	432397	66366	498000	268	249732	347	176445	73139	24592	75666	98	49835	8	4898	162099	86991	0	0	100154	0	
72500000	1.50	460755	38080	432977	66166	498067	228	249097	349	174360	75165	24056	76402	95	50137	12	4968	162093	87164	0	0	99829	0	
75000000	1.50	462298	38202	433041	66097	498027	247	249149	331	176017	73674	24527	75092	102	49919	11	5023	161682	86865	0	0	99696	0	
77500000	1.50	460208	38436	433223	66440	498483	266	248925	355	177142	72073	24264	75512	126	49917	7	4965	163419	86224	0	0	100015	0	
80000000	1.50	462624	38086	432335	66433	497592	239	249591	357	175773	73969	24617	74950	100	49906	18	4963	161886	86979	0	0	99582	0	
82500000	1.50	460519	37845	432357	66461	499344	235	248870	338	174217	76089	24612	75718	95	49773	12	4962	162549	86514	0	0	99490	0	
85000000	1.50	461184	38340	432240	66249	498369	239	249292	338	172244	76639	24367	75830	108	49522	7	4953	162611	87872	0	0	99596	0	
87500000	1.50	460656	37961	432644	66219	499927	222	248560	304	176434	73192	24133	75352	120	49966	8	5037	162289	86921	0	0	100055	0	
90000000	1.50	460873	38087	431543	66483	498974	253	249527	341	175654	73625	24641	75376	132	50162	11	5033	162250	87179	0	0	99856	0	
92500000	1.50	461275	38286	432134	66267	498551	248	248904	334	175199	74477	24473	75607	111	49974	13	4856	162787	87052	0	0	99452	0	
95000000	1.50	460531	38271	433277	65694	499243	243	248693	372	174102	75669	24344	74972	99	49711	8	4867	162747	87295	0	0	99861	0	
97500000	1.50	461918	37999	431337	66536	498437	255	249743	345	176454	73487	24567	75430	115	49716	12	4917	162791	86611	0	0	99330	0	
100000000	1.50	461181	38051	432312	66393	498363	240	249598	343	175371	73945	24491	75562	125	50176	8	4991	162406	86679	0	0	99765	0	
102500000	1.50	460907	38032	432223	66475	499706	266	249217	342	177112	71909	24641	74991	120	49749	14	4930	162901	86895	0	0	99570	0	
105000000	1.50	461327	37938	432653	66385	498379	233	249066	373	175510	73755	24252	75646	117	49582	12	5004	163347	87225	0	0	99194	2	
107500000	1.50	460760	37988	432239	66773	498169	270	249293	366	175586	74076	24404	75507	118	49730	15	4998	162845	86648	0	0	100214	1	
110000000	1.50	461225	38148	433555	66185	498383	232	248839	320	174926	74438	24484	75052	98	49851	10	4910	162494	87274	0	0	99576	0	
112500000	1.50	462015	38340	432255	66431	497626	239	249687	371	175071	74633	24210	75319	113	49804	12	5061	162605	86825	0	0	99383	0	
115000000	1.50	461772	38133	432485	66097	497414	240	248858	356	175043	74806	24496	75759	105	49857	11	5008	162297	87079	0	0	100184	0	
117500000	1.50	460267	38032	433324	66076	498119	201	249303	367	176275	73545	24199	75370	91	50279	7	4929	162782	86970	0	0	99864	0	
120000000	1.50	460265	37840	433347	66352	497992	224	249180	358	175183	74390	24373	75180	115	49984	6	4971	163421	87205	0	0	99614	0	
122500000	1.50	459628	38010	433108	66559	499398	228	249500	349	173871	74778	24414	75499	101	49675	12	5057	163109	86808	0	0	99895	0	
125000000	1.50	460244	38167	431826	66436	499813	249	249284	377	175544	73963	24227	75215	109	49643	6	4971	162282	87398	0	0	100246	0	
127500000	1.50	461704	38279	431622	66568	499215	246	249309	348	173218	75299	24339	75371	129	49805	9	5096	162400	86759	0	0	100284	0	
130000000	1.50	460945	38098	433010	66024	498807	224	249532	361	176802	72517	24815	75350	114	49415	10	4974	162523	86708	0	0	99771	0	
132500000	1.50	461489	38219	432434	66586	497902	265	248958	357	175462	74371	24320	75500	120	49653	13	4937	163579	86687	0	0	99148	0	
135000000	1.50	462071	37951	431520	66532	499036	243	249030	328	176205	73793	24352	75015	97	50019	13	4989	162558	86318	0	0	99930	0	
137500000	1.50	461140	38006	433287	66211	498526	226	249079	367	177720	71700	24670	75419	113	49209	14	4803	162492	86828	0	0	100190	0	
140000000	1.50	460912	37894	432877	66332	498671	237	249438	337	176700	73057	24407	75218	117	49918	9	4906	162316	87156	0	0	99498	0	
142500000	1.50	460889	38163	433392	66066	497773	199	250100	343	176681	73113	24442	75214	122	50119	8	5043	161745	86982	0	0	99606	0	
145000000	1.50	461525	38210	431777	66260	499180	244	250068	362	176225	72674	24239	75724	123	49455	11	4956	161845	87476	0	0	99646	0	
147500000	1.50	462030	38066	433011	66004	499204	226	249461	332	175558	72658	24287	75098	91	49635	11	4914	162496	86572	0	0	100346	0	
150000000	1.50	461241	38159	432902	66018	497944	262	249154	356	175535	74484	24406	75197	96	49978	11	4992	161815	87617	0	0	99833	0	
152500000	1.50	461160	38277	433016	66316	498472	242	249419	325	175905	74077	24368	75186	117	50141	8	5046	162123	86338	0	0	99464	0	
155000000	1.50	461370	37867	432378	66173	496732	273	249441	354	175874	74719	24448	75949	114	49781	12	4997	163018	86499	0	0	100001	0	
157500000	1.50	461534	38096	431917	66793	498568	266	248715	360	176057	73403	24198	75674	114	49593	14	5061	161816	87797	0	0	100024	0	
160000000	1.50	460794	38066	432115	66659	499679	219	248494	346	175972	73273	24036	75367	117	50080	10	5024	162634	87346	0	0	99769	0	
162500000	1.50	460823	38358	433003	65826	498865	234	248854	358	176533	72735	24409	75153	105	49796	10	4962	161815	87596	0	0	100564	1	
165000000	1.50	460478	38149	432182	66347	499645	222	249183	371	176160	73809	24574	75416	90	49778	5	4885	161941	86691	0	0	100073	0	
167500000	1.50	461116	38057	433043	66777	498294	251	248619	327	173829	76476	24188	75402	120	49564	17	5121	162122	86679	0	0	99998	0	
170000000	1.50	460307	38152	434525	65726	497898	252	248132	335	174642	74548	24190	75602	120	49972	8	5098	163522	86979	0	0	99992	0	
172500000	1.50	460390	38537	432885	66543	497954	258	248256	367	175737	74289	24109	75485	111	49574	5	5025	163200	87450	0	0	99825	0	
175000000	1.50	459957	37991	432954	66573	498867	235	249234	339	174742	74829	24110	74909	99	49573	12	4983	163027	87298	0	0	100268	0	
177500000	1.50	461048	38133	432878	66490	498031	258	249045	390	174461	75288	24593	75098	122	49648	10	4839	162311	87526	0	0	99831	0	
180000000	1.50	460876	38165	432720	65936	499571	231	249324	337	177660	71859	24436	75312	113	49450	11	5015	162386	86674	0	0	99923	1	
182500000	1.50	460535	38422	432222	66466	499116	236	249544	323	176098	73301	23904	75585	116	49401	16	4988	162355	87151	0	0	100221	0	
185000000	1.50	461031	38119	432471	66630	498845	237	248901	350	174962	74353	24035	75550	113	50135	6	4934	162271	86755	0	0	100300	1	
187500000	1.50	460704	38137	431630	66159	499436	252	248936	364	175476	73733	24333	75776	116	50204	11	5048	162968	86661	0	0	100055	0	
190000000	1.50	459706	37818	432903	66779	499689	234	249527	339	175266	73682	24442	75460	111	50343	10	5032	162687	86395	0	0	99576	1	
192500000	1.50	461290	37860	432904	66446	498752	208	248262	382	175415	74242	24551	75030	109	49661	8	4966	162674	87519	0	0	99721	0	
195000000	1.50	461102	37970	432817	66209	498571	238	249690	331	176071	73155	24467	75115	130	49811	13	4936	162206	87360	0	0	99808	0	
197500000	1.50	461044	38012	432726	66257	499298	218	249752	336	175098	74335	24020	75580	96	49690	10	4908	162558	86668	0	0	99393	0	
200000000	1.50	460709	38186	431170	66127	498693	232	249709	354	174477	75924	24563	75146	103	50051	10	5043	162713	87032	0	0	99758	0	
