#step	total	overlap	contact	SC-SC	stiff
0	-590.0	0.0	0.0	-590.0	0.0
0	-590.0	0.0	0.0	-590.0	0.0
2500000	-562.0	0.0	0.0	-562.0	0.0
5000000	-570.0	0.0	0.0	-570.0	0.0
7500000	-554.0	0.0	0.0	-554.0	0.0
10000000	-564.0	0.0	0.0	-564.0	0.0
12500000	-580.0	0.0	0.0	-580.0	0.0
15000000	-586.0	0.0	0.0	-586.0	0.0
17500000	-536.0	0.0	0.0	-536.0	0.0
20000000	-568.0	0.0	0.0	-568.0	0.0
22500000	-598.0	0.0	0.0	-598.0	0.0
25000000	-574.0	0.0	0.0	-574.0	0.0
27500000	-560.0	0.0	0.0	-560.0	0.0
30000000	-550.0	0.0	0.0	-550.0	0.0
32500000	-580.0	0.0	0.0	-580.0	0.0
35000000	-588.0	0.0	0.0	-588.0	0.0
37500000	-598.0	0.0	0.0	-598.0	0.0
40000000	-590.0	0.0	0.0	-590.0	0.0
42500000	-608.0	0.0	0.0	-608.0	0.0
45000000	-590.0	0.0	0.0	-590.0	0.0
47500000	-588.0	0.0	0.0	-588.0	0.0
50000000	-598.0	0.0	0.0	-598.0	0.0
52500000	-550.0	0.0	0.0	-550.0	0.0
55000000	-566.0	0.0	0.0	-566.0	0.0
57500000	-544.0	0.0	0.0	-544.0	0.0
60000000	-572.0	0.0	0.0	-572.0	0.0
62500000	-560.0	0.0	0.0	-560.0	0.0
65000000	-572.0	0.0	0.0	-572.0	0.0
67500000	-560.0	0.0	0.0	-560.0	0.0
70000000	-568.0	0.0	0.0	-568.0	0.0
72500000	-584.0	0.0	0.0	-584.0	0.0
75000000	-582.0	0.0	0.0	-582.0	0.0
77500000	-566.0	0.0	0.0	-566.0	0.0
80000000	-574.0	0.0	0.0	-574.0	0.0
82500000	-574.0	0.0	0.0	-574.0	0.0
85000000	-560.0	0.0	0.0	-560.0	0.0
87500000	-546.0	0.0	0.0	-546.0	0.0
90000000	-550.0	0.0	0.0	-550.0	0.0
92500000	-568.0	0.0	0.0	-568.0	0.0
95000000	-586.0	0.0	0.0	-586.0	0.0
97500000	-584.0	0.0	0.0	-584.0	0.0
100000000	-568.0	0.0	0.0	-568.0	0.0
102500000	-532.0	0.0	0.0	-532.0	0.0
105000000	-550.0	0.0	0.0	-550.0	0.0
107500000	-592.0	0.0	0.0	-592.0	0.0
110000000	-598.0	0.0	0.0	-598.0	0.0
112500000	-568.0	0.0	0.0	-568.0	0.0
115000000	-604.0	0.0	0.0	-604.0	0.0
117500000	-572.0	0.0	0.0	-572.0	0.0
120000000	-580.0	0.0	0.0	-580.0	0.0
122500000	-574.0	0.0	0.0	-574.0	0.0
125000000	-584.0	0.0	0.0	-584.0	0.0
127500000	-560.0	0.0	0.0	-560.0	0.0
130000000	-556.0	0.0	0.0	-556.0	0.0
132500000	-586.0	0.0	0.0	-586.0	0.0
135000000	-614.0	0.0	0.0	-614.0	0.0
137500000	-584.0	0.0	0.0	-584.0	0.0
140000000	-568.0	0.0	0.0	-568.0	0.0
142500000	-586.0	0.0	0.0	-586.0	0.0
145000000	-598.0	0.0	0.0	-598.0	0.0
147500000	-596.0	0.0	0.0	-596.0	0.0
150000000	-580.0	0.0	0.0	-580.0	0.0
152500000	-534.0	0.0	0.0	-534.0	0.0
155000000	-564.0	0.0	0.0	-564.0	0.0
157500000	-576.0	0.0	0.0	-576.0	0.0
160000000	-560.0	0.0	0.0	-560.0	0.0
162500000	-582.0	0.0	0.0	-582.0	0.0
165000000	-568.0	0.0	0.0	-568.0	0.0
167500000	-582.0	0.0	0.0	-582.0	0.0
170000000	-546.0	0.0	0.0	-546.0	0.0
172500000	-580.0	0.0	0.0	-580.0	0.0
175000000	-572.0	0.0	0.0	-572.0	0.0
177500000	-570.0	0.0	0.0	-570.0	0.0
180000000	-592.0	0.0	0.0	-592.0	0.0
182500000	-594.0	0.0	0.0	-594.0	0.0
185000000	-586.0	0.0	0.0	-586.0	0.0
187500000	-578.0	0.0	0.0	-578.0	0.0
190000000	-588.0	0.0	0.0	-588.0	0.0
192500000	-580.0	0.0	0.0	-580.0	0.0
195000000	-578.0	0.0	0.0	-578.0	0.0
197500000	-572.0	0.0	0.0	-572.0	0.0
200000000	-592.0	0.0	0.0	-592.0	0.0
