#Steps ,and Temp, are followed by (rej, acc) for each MC Move.
#(nStep, T) TRANS CLSTER SM_CLSTER FACE LOCAL DBPVT PIVOT BR_ROT
0	1000.00	0	0	0	0	1	0	0	0	0	0	0	0	0	0	0	0	0	0	0	0	0	0	
2500000	1000.00	430586	69755	429186	69063	427997	69584	250221	359	31851	217577	232	99777	116	49812	12	4984	150441	98765	0	0	99682	0	
5000000	1000.00	429608	69882	428828	70000	429232	69806	249673	344	31931	216902	238	99656	112	49783	14	4881	150008	99265	0	0	99837	0	
7500000	1000.00	429344	70003	429662	69325	429896	69282	249742	332	31995	217333	217	99123	120	49415	7	5110	149512	100277	0	0	99305	0	
10000000	1000.00	429126	69582	428910	70104	429302	69325	249409	363	31911	217374	219	99946	109	49709	8	5018	150024	100107	0	0	99454	0	
12500001	1.37	460922	38056	433444	66556	498402	246	248743	353	189108	60081	24739	74955	115	49975	21	5036	162479	87230	0	0	99540	0	
15000001	1.14	463283	35844	433340	65613	498369	265	249886	355	197654	52046	29750	69941	119	49682	12	4901	164989	84617	0	0	99334	0	
17500001	1.05	465892	35052	432383	65692	499012	269	247753	326	200094	49375	32275	67603	113	50060	11	4916	165066	84489	0	0	99617	2	
20000001	1.02	464394	34065	433679	65832	498880	238	248852	385	200235	49398	33533	66933	110	49892	5	5057	165155	83967	0	0	99390	0	
22500001	1.01	464246	34256	433713	65349	498471	249	249865	349	200193	49772	33368	65965	108	49845	15	4996	165968	83432	0	0	99840	0	
25000001	1.00	465898	34232	433406	65446	499148	259	248859	305	199746	49566	33415	66403	118	49655	9	4946	165627	83552	0	0	99409	1	
27500001	1.00	464987	34279	434162	65657	498176	269	249099	371	202683	46994	33821	66046	101	49833	11	4966	165731	83232	0	0	99582	0	
30000001	1.00	465165	34336	433087	65160	498539	255	249247	336	202254	47431	33801	65698	115	49846	9	5006	166704	83555	0	0	99456	0	
32500001	1.00	464885	34227	434458	65175	498100	248	249242	339	200546	49228	33627	66145	106	49860	11	4938	166137	83050	0	0	99677	1	
35000001	1.00	464891	34235	433627	65345	498242	262	248485	331	200829	48645	34010	66461	118	49701	14	5071	166284	83792	0	0	99657	0	
37500001	1.00	464815	34160	433183	65368	498807	250	249179	369	201098	48855	33633	66276	124	49827	5	4963	166060	83697	0	0	99331	0	
40000001	1.00	464351	34146	434375	65543	498372	257	248705	320	203144	46769	34125	65893	106	49690	8	5048	166345	83571	0	0	99230	2	
42500001	1.00	464764	34325	433944	65380	498296	248	249650	331	201089	47254	33665	66225	110	49852	11	5025	166734	83490	0	0	99606	1	
45000001	1.00	464574	34140	432841	65771	498470	294	249260	372	202361	46866	33742	66119	110	49851	17	4840	166766	83838	0	0	99768	0	
47500001	1.00	465630	34300	432534	65152	498594	241	248676	359	202000	47823	33760	66112	108	50019	28	4900	166278	83325	0	0	100160	1	
50000001	1.00	465395	33996	433510	65887	498529	280	250057	344	200459	48428	33686	65683	106	49575	10	5037	166309	83175	0	0	99534	0	
52500001	1.00	464746	34240	433317	65855	498933	289	248574	326	204225	45693	33691	66068	85	49777	11	5017	166284	83060	0	0	99809	0	
55000001	1.00	464996	34217	433823	65830	497208	281	248899	342	201549	48174	33717	66291	95	49902	7	4932	165993	83705	0	0	100039	0	
57500001	1.00	464522	34091	433239	66215	499228	254	249151	337	203444	45933	34083	66028	100	49914	8	4962	165789	82717	0	0	99983	2	
60000001	1.00	464416	34101	434042	65523	498671	291	248391	380	203151	46487	33763	66108	106	49754	13	4996	165713	83948	0	0	100146	0	
62500001	1.00	465076	34334	434318	65423	498371	285	248611	358	201691	47338	33809	65902	106	49547	11	5036	165894	84022	0	0	99867	0	
65000001	1.00	464550	34154	432851	65371	499933	267	249384	352	202007	47233	33915	65814	123	49889	6	4979	166571	82953	0	0	99648	0	
67500001	1.00	464437	34100	433112	65137	498842	288	249758	339	200149	50079	33969	66161	110	50039	9	4978	165841	83264	0	0	99388	0	
70000001	1.00	464539	33982	434030	65758	498793	285	248962	354	200025	49530	34114	65872	91	49558	13	4944	166221	83308	0	0	99621	0	
72500001	1.00	465890	34305	433131	65295	498672	246	249558	309	200494	48812	33570	66441	119	49588	13	4974	166113	83200	0	0	99270	0	
75000001	1.00	465306	34257	433186	65249	499529	251	248854	375	201193	48914	34036	65394	117	50096	9	5004	165580	83109	0	0	99541	0	
77500001	1.00	465084	34077	432692	65477	499772	284	249236	344	201638	47686	33972	66412	101	49366	18	4783	166147	83160	0	0	99751	0	
80000001	1.00	464841	34353	433060	65550	499396	264	248697	324	201079	48617	33326	66148	103	49907	12	4986	165887	83703	0	0	99747	0	
82500001	1.00	463582	33937	433294	65893	500009	281	249823	355	201904	48070	33547	66237	108	49722	7	4962	165933	83009	0	0	99327	0	
85000001	1.00	463864	34235	433901	65501	498603	237	249738	330	201499	48137	33820	66236	119	49735	12	4962	166305	82922	0	0	99844	0	
87500001	1.00	465566	34432	434289	65534	498275	251	249012	333	201156	47525	33826	66300	105	49586	13	4984	165687	83043	0	0	100083	0	
90000001	1.00	464538	34108	434890	65125	497169	269	249047	367	204290	45424	33934	66777	115	49737	11	4975	166954	83067	0	0	99203	0	
92500001	1.00	464452	34077	433229	65814	499668	253	249590	361	200852	47552	34000	65812	107	49824	7	4962	166056	83103	0	0	100280	0	
95000001	1.00	465377	34137	433844	65522	498566	270	248318	362	204530	45526	33560	65923	132	49660	11	5001	165935	83462	0	0	99864	0	
97500001	1.00	465108	34046	433223	65003	499178	254	249844	332	201708	46432	33693	66219	103	49898	14	4946	166660	83138	0	0	100200	1	
100000001	1.00	464754	34091	432633	65765	498537	261	249518	364	202217	47832	33559	65869	118	49753	12	4931	166193	84082	0	0	99511	0	
102500001	1.00	464530	33986	432405	65535	499827	266	248481	357	200451	48923	33828	65902	95	50070	11	5098	166126	83813	0	0	100296	0	
105000001	1.00	466302	34230	433014	65593	498780	271	248860	334	200531	47963	33507	66207	108	49918	7	4862	165511	83910	0	0	100092	0	
107500001	1.00	465745	34034	433542	65451	498429	251	249730	353	201131	48207	33530	65939	106	49661	7	4984	166256	82556	0	0	100088	0	
110000001	1.00	464345	34221	433813	65226	499640	263	249000	398	202940	47329	33700	65526	100	49563	10	4929	165513	82981	0	0	100503	0	
112500001	1.00	464993	33959	432697	65238	498875	258	249386	319	200928	48143	34000	66155	120	49810	8	5040	166514	83202	0	0	100355	0	
115000001	1.00	463435	34408	432849	65457	499366	274	248832	366	201500	48539	33926	65921	103	49786	13	4939	166119	84083	0	0	100084	0	
117500001	1.00	464233	34202	433671	65834	498828	273	249078	363	200607	48403	33537	65821	107	49962	10	4897	166047	84119	0	0	100008	0	
120000001	1.00	465230	34227	432484	65312	498960	263	248848	332	201464	47938	33496	66554	97	49935	9	4906	166391	83480	0	0	100074	0	
122500001	1.00	464372	34209	433563	65423	499762	282	248569	330	201241	48174	33656	66068	105	49889	13	4870	165942	83806	0	0	99726	0	
125000001	1.00	465566	33787	433815	65574	497736	243	249157	345	199289	51147	33898	66315	103	49805	10	4985	165606	83388	0	0	99231	0	
127500001	1.00	464085	34188	433745	65413	498815	223	249808	340	199650	49692	33656	66220	114	50057	4	4936	166271	83322	0	0	99461	0	
130000001	1.00	464304	34219	434458	65621	497394	257	249209	328	202546	47483	33938	65933	122	49671	15	5097	166249	83501	0	0	99655	0	
132500001	1.00	464505	34255	432682	65173	498937	249	249149	334	201580	47927	34395	66054	116	49807	9	4956	166484	83448	0	0	99940	0	
135000001	1.00	464709	34202	432880	65552	498257	307	249358	338	204123	46109	33925	66144	116	49874	5	4921	166107	83486	0	0	99587	0	
137500001	1.00	465190	34196	434546	65181	498298	270	249426	343	201761	47278	33409	65929	106	49564	10	4963	165838	83659	0	0	100033	0	
140000001	1.00	463802	34122	433722	65516	499338	262	249352	333	201882	47858	33851	65617	119	49928	9	4928	165003	84391	0	0	99966	1	
142500001	1.00	464615	33998	433251	65054	499654	266	249670	353	200511	48836	33401	66172	118	50022	10	5069	165631	83694	0	0	99675	0	
145000001	1.00	464453	34121	433946	65512	498497	279	248744	339	204221	45704	34234	65866	103	49834	15	5033	165081	83894	0	0	100124	0	
147500001	1.00	464885	34019	432943	65247	498229	257	249483	337	201547	48101	34062	66105	102	50230	5	4972	166242	83106	0	0	100127	0	
150000001	1.00	464921	34237	433173	65805	499526	259	248670	358	202444	47373	33888	65477	110	49753	12	4936	166083	83352	0	0	99623	0	
152500001	1.00	464475	33911	432383	65631	499657	296	249631	351	202148	47509	33438	66078	120	49616	12	5098	165758	83603	0	0	100285	0	
155000001	1.00	465065	34278	432941	66084	498150	266	249229	372	202782	47303	33591	66465	118	49529	8	4869	166077	83289	0	0	99584	0	
157500001	1.00	464738	33999	433323	65496	499357	245	249840	337	202076	46833	34069	66235	114	49426	13	4939	165758	83573	0	0	99629	0	
160000001	1.00	464651	33996	433664	65208	498095	274	248814	367	201978	47895	33629	66177	84	49635	9	4978	166749	84025	0	0	99772	0	
162500001	1.00	465397	34363	433727	65244	498436	299	249286	397	201962	47149	33622	65697	97	49810	8	5050	166017	83596	0	0	99843	0	
165000001	1.00	463448	34587	433942	65096	498648	273	248921	336	200813	49546	33985	65758	103	49949	13	4963	166308	83555	0	0	99756	0	
167500001	1.00	465679	34242	432397	65623	498933	280	249513	348	201111	48821	33710	66366	106	49821	8	4935	164876	83687	0	0	99543	1	
170000001	1.00	465539	33904	433817	65739	499072	277	248848	325	199534	49002	34313	66008	132	49437	8	5068	165759	83373	0	0	99844	0	
172500001	1.00	464972	34028	432906	65475	497720	278	249162	339	202482	48249	33990	65769	119	49755	15	4962	166154	83485	0	0	100140	0	
175000001	1.00	465591	34142	433505	65535	498663	267	249537	348	199823	49125	33836	65831	102	49416	10	5086	166089	83363	0	0	99731	0	
177500001	1.00	463920	34296	434472	65785	497997	257	249891	359	202755	47173	33846	65787	95	49818	5	4855	165374	83641	0	0	99674	0	
180000001	1.00	463417	33874	433332	65301	499725	291	249577	357	202437	47520	33886	65916	116	49815	9	4902	165999	83321	0	0	100205	0	
182500001	1.00	465851	34332	433150	65524	498684	262	249587	367	202389	46354	33813	66216	115	49941	14	4996	165592	82968	0	0	99845	0	
185000001	1.00	464230	33830	433586	65590	498448	304	250160	366	201712	47394	33649	66155	89	49662	11	5056	166492	83717	0	0	99549	0	
187500001	1.00	465284	34243	433579	65365	498610	281	249344	355	200356	48899	33995	66116	108	49692	12	4941	166479	83089	0	0	99252	0	
190000001	1.00	465478	34263	432913	65350	498719	271	249619	323	200585	48439	33780	66058	119	49939	14	4895	166374	83140	0	0	99721	0	
192500001	1.00	464476	33903	434062	65229	498586	291	249105	320	202439	47616	34048	66051	116	49716	11	4971	166275	83222	0	0	99563	0	
195000001	1.00	465287	34111	432909	66155	499426	257	248483	326	200221	49361	33575	66132	103	49770	10	4950	166053	83456	0	0	99415	0	
197500001	1.00	464899	34111	433319	65167	498847	296	248967	350	200154	49582	33793	66178	130	49916	8	5016	166193	83299	0	0	99775	0	
200000001	1.00	463634	34111	434269	65819	499285	274	248977	328	200074	49350	34092	66302	99	49324	12	4891	165723	83710	0	0	99726	0	
202500001	1.00	464406	34292	433208	64967	499434	295	249371	331	200306	49210	33831	65684	95	50010	9	4934	166348	83501	0	0	99768	0	
205000001	1.00	464059	34238	433099	65812	499272	292	249073	329	199862	49793	33896	66119	103	49972	15	4888	166168	83380	0	0	99629	1	
207500001	1.00	465232	34276	433451	65368	497892	257	249989	353	203547	46565	33872	65775	91	49572	9	4979	166035	83477	0	0	99260	0	
210000001	1.00	465360	34107	433588	65325	499439	278	248325	373	201590	47881	33775	65878	112	49709	11	5096	165829	83667	0	0	99657	0	
