#Steps ,and Temp, are followed by (rej, acc) for each MC Move.
#(nStep, T) TRANS CLSTER SM_CLSTER FACE LOCAL DBPVT PIVOT BR_ROT
0	1000.00	0	0	0	0	0	0	0	0	1	0	0	0	0	0	0	0	0	0	0	0	0	0	
2500000	1000.00	422625	77050	421459	76490	423325	76648	248767	730	30973	218460	1621	98362	846	48812	85	4749	131681	116939	0	0	100368	10	
5000000	1000.00	423303	76955	421642	76585	422047	76929	248580	752	30896	218835	1692	98139	779	48768	89	4839	132396	116927	0	0	99823	24	
7500000	1000.00	421771	77359	422043	76375	422060	76755	249113	705	31176	217732	1691	98420	816	49155	88	4952	132601	117501	0	0	99672	15	
10000000	1000.00	422848	76919	422266	76924	422317	76626	248813	758	30936	218933	1693	98017	824	49006	79	4923	132269	116814	0	0	99024	11	
12500001	1.37	85522	413260	458226	41635	496859	1637	249529	246	121374	128119	16637	82947	869	48815	145	4847	203091	45753	0	0	100468	22	
15000001	1.14	105551	394463	462083	37218	497134	1733	248675	223	119871	128943	12768	87134	941	49170	174	4735	207314	41868	0	0	99985	17	
17500001	1.05	113804	385892	462602	35689	496182	1638	249072	193	122030	128252	12352	87323	904	48928	216	4748	209134	40842	0	0	100186	13	
20000001	1.02	116047	382087	463061	35198	498637	1781	250412	221	122238	126638	12021	87513	866	49168	206	4752	208745	40563	0	0	99840	6	
22500001	1.01	117308	382121	463296	35090	497293	1728	248976	225	122828	127401	12121	87928	920	48837	237	4750	208906	40527	0	0	99489	19	
25000001	1.00	118189	381238	463253	35017	497819	1758	249366	247	121603	127309	12252	87822	982	49223	127	4781	208754	40569	0	0	99670	21	
27500001	1.00	118436	381113	464704	34470	497327	1676	249268	214	121833	127301	12113	87629	961	49061	165	4826	208973	40045	0	0	99874	10	
30000001	1.00	117459	381457	464857	34648	497524	1616	248561	223	121671	127795	11654	88198	970	49003	260	4633	209458	40338	0	0	99663	12	
32500001	1.00	117307	380895	463887	34766	497404	1648	250090	231	121993	127552	12149	87615	1002	49180	277	4654	209244	40666	0	0	99432	8	
35000001	1.00	117649	381220	464129	35098	497928	1690	247978	231	122642	127125	12386	87276	949	48521	262	4859	209517	40510	0	0	100016	14	
37500001	1.00	118099	380921	463726	34898	496977	1614	249653	225	122003	127234	12218	87377	938	48762	236	4749	209713	40420	0	0	100221	16	
40000001	1.00	117769	381076	463058	34686	498145	1710	248739	182	122516	127354	12269	87501	959	48966	160	4843	209718	40301	0	0	100025	23	
42500001	1.00	118351	381082	464078	34562	496834	1699	249400	217	123240	126381	12112	87786	914	48915	196	4662	209847	40060	0	0	99653	11	
45000001	1.00	117819	380659	464380	34640	498313	1731	249303	219	122488	126749	12088	87674	954	48774	221	4769	209252	40295	0	0	99658	14	
47500001	1.00	117628	381636	463581	35064	496572	1553	249029	233	122564	126999	12073	87598	882	49008	259	4813	209578	40606	0	0	100300	24	
50000001	1.00	117401	381000	465247	34977	497643	1595	249391	206	121136	128028	12093	87483	923	48841	230	4859	208877	40485	0	0	99576	9	
52500001	1.00	118023	381287	463914	34586	496937	1645	249304	211	121476	128029	11844	88388	899	48795	178	4863	209039	40749	0	0	99825	8	
55000001	1.00	117850	381336	464581	34491	497477	1683	249645	208	121305	127171	12096	87948	962	48779	200	4689	209209	40216	0	0	100145	9	
57500001	1.00	118082	379697	464235	34375	496291	1706	249683	204	123169	127316	12149	87680	987	48984	204	4756	210190	40216	0	0	100062	14	
60000001	1.00	118137	381902	465233	34868	496976	1685	249453	208	121865	126927	11931	87754	936	48717	116	4922	208186	40321	0	0	99842	21	
62500001	1.00	117922	380574	463662	34783	498340	1706	249216	242	122356	127250	12306	87986	955	49457	182	4655	208640	40248	0	0	99505	15	
65000001	1.00	118432	381828	463575	34840	497855	1652	248671	204	122041	127939	12302	87452	935	48331	197	4619	209160	40258	0	0	99699	10	
67500001	1.00	118471	381645	463864	34903	497469	1669	249116	191	121947	127263	12099	87996	948	48796	186	4881	208653	40150	0	0	99736	17	
70000001	1.00	117702	381411	464269	34571	497451	1685	249260	227	123219	126794	12076	87610	933	48770	174	4770	209217	40298	0	0	99550	13	
72500001	1.00	117730	381775	463814	34848	496671	1714	250099	208	122328	127144	12006	88120	931	49009	192	4884	208234	40403	0	0	99874	16	
75000001	1.00	117701	381457	464239	34936	497224	1695	249566	235	122083	126937	12175	87580	909	48886	147	4800	209782	40173	0	0	99458	17	
77500001	1.00	117804	381116	464038	34589	496140	1655	249206	193	123080	127428	12001	87933	956	48985	171	4903	209922	40053	0	0	99812	15	
80000001	1.00	117872	380229	464927	34441	496938	1773	248431	231	122531	126822	12180	87757	962	49285	164	4894	210215	40236	0	0	100090	22	
82500001	1.00	117601	381358	464619	34819	496050	1701	249522	213	121976	127364	11988	87882	1021	49038	273	4776	209455	40495	0	0	99836	13	
85000001	1.00	117113	381596	464164	34599	496498	1693	249418	221	123071	126803	12651	87045	941	48971	251	4738	210082	40213	0	0	99915	17	
87500001	1.00	118318	381416	463440	34898	497091	1723	249469	221	122652	127069	11992	87724	906	48779	159	4709	209621	40242	0	0	99555	16	
90000001	1.00	117740	382521	463404	34700	497117	1709	248538	209	122834	127234	12575	87136	984	48649	143	4801	209135	40374	0	0	100168	29	
92500001	1.00	118700	380555	464035	34871	497223	1691	249345	217	122066	127623	12538	87338	933	48858	157	4833	209295	40096	0	0	99605	21	
95000001	1.00	118121	381612	464076	34777	496964	1635	248931	203	122350	127852	12805	86391	949	48759	314	4645	209392	40383	0	0	99822	19	
97500001	1.00	117635	380710	463484	34815	496752	1734	249476	218	122673	127145	12215	87581	920	49600	170	4855	209034	40707	0	0	100265	11	
100000001	1.00	118057	382080	463027	34864	497607	1686	249499	208	121965	127297	12007	87542	995	48497	202	4736	209573	40356	0	0	99782	20	
102500001	1.00	117425	381133	464893	34756	497308	1670	248968	209	121585	128381	12225	87401	867	48671	283	4683	209819	40156	0	0	99549	18	
105000001	1.00	117988	381316	464495	34428	497011	1762	250021	234	121826	127452	11832	87765	936	48632	163	4746	209082	40411	0	0	99884	16	
107500001	1.00	117473	381420	463577	34766	497988	1630	249498	205	122702	127365	12231	87664	893	48661	140	4900	209084	40514	0	0	99276	13	
110000001	1.00	117724	380774	464081	34536	497864	1715	249591	188	123112	126914	12342	87111	948	48921	139	4841	208834	40677	0	0	99673	15	
112500001	1.00	117299	381981	464025	34895	497341	1660	249368	197	121867	127357	12219	87814	961	48715	108	4757	208953	40677	0	0	99792	14	
115000001	1.00	117557	381584	464420	34810	496752	1651	248908	219	122236	127824	11896	87669	989	48884	254	4760	208756	40538	0	0	100281	12	
117500001	1.00	117973	381610	464342	34995	495904	1696	249158	224	123323	127072	12294	87630	964	48895	342	4578	209361	40175	0	0	99444	20	
120000001	1.00	118029	381709	463982	34710	497616	1666	249422	216	121632	126807	12193	87898	933	48916	255	4734	208906	40318	0	0	100046	12	
122500001	1.00	118203	380999	463939	34434	497617	1611	249463	220	122151	127118	12024	87141	918	49100	303	4617	210114	39990	0	0	100019	19	
125000001	1.00	117280	380020	466028	34552	496985	1637	249161	203	122215	127678	11977	88089	981	49360	248	4708	209000	40444	0	0	99424	10	
127500001	1.00	118005	381634	463998	34704	496976	1687	249220	204	121679	128516	12149	87255	916	48996	188	4846	208791	40208	0	0	100017	11	
130000001	1.00	117821	381578	463901	34545	496939	1721	249214	220	122857	126720	12371	87489	942	48774	143	4736	209335	40547	0	0	100115	32	
132500001	1.00	117780	380869	464384	34893	497629	1708	249310	192	121864	127263	12161	87503	945	49139	224	4751	209014	40514	0	0	99843	14	
135000001	1.00	116943	381091	463589	35088	497903	1612	249560	217	122607	127471	12379	87799	925	49025	171	4920	208622	40592	0	0	99477	9	
137500001	1.00	117573	381539	463565	34709	498525	1702	249458	189	121734	127384	12194	87734	931	49232	166	4662	209317	40326	0	0	99045	15	
140000001	1.00	118144	382381	464272	34987	495973	1679	248590	214	122058	127109	11979	87924	998	49348	124	4821	209130	40470	0	0	99786	13	
142500001	1.00	117348	381883	464236	34598	497078	1676	249384	201	122889	127084	12402	86850	875	48992	243	4947	209544	40195	0	0	99558	17	
145000001	1.00	117596	381488	463693	35065	497981	1711	249590	207	122266	127281	11918	87463	930	48843	152	4842	209247	40346	0	0	99363	18	
147500001	1.00	118059	380977	464200	34748	497350	1694	249743	217	122160	126751	12242	87197	926	48719	155	4810	209960	40131	0	0	99949	12	
150000001	1.00	118221	380999	464146	34700	498039	1761	248800	209	121912	126890	12326	86984	969	49127	177	4785	209483	40103	0	0	100341	28	
152500001	1.00	117826	380699	464077	34807	497919	1669	249346	237	122048	128045	12294	87013	896	48900	119	4784	208594	40303	0	0	100401	23	
155000001	1.00	118005	381104	465705	34379	497421	1694	248793	197	122611	126987	11824	87651	953	48838	126	4890	208311	40339	0	0	100156	16	
157500001	1.00	117654	380553	464040	34903	497896	1744	248893	196	122744	127090	11920	87489	965	49005	140	4762	209376	40584	0	0	100038	8	
160000001	1.00	117665	382049	463216	34912	497350	1676	249663	208	122052	127109	12354	87594	914	48849	259	4715	209468	40045	0	0	99891	11	
162500001	1.00	117193	381307	465167	35022	496369	1661	248894	221	121342	127756	12057	88272	949	48701	224	4834	209700	40252	0	0	100063	16	
165000001	1.00	117856	381921	462690	34711	497255	1665	250014	176	122680	126566	12242	87648	922	48962	151	4802	209850	40198	0	0	99676	15	
167500001	1.00	118161	381371	463899	34874	496905	1689	249029	192	121923	127906	12080	88072	879	48972	130	4831	208749	40421	0	0	99897	20	
170000001	1.00	118083	381492	465136	34855	497371	1752	247844	204	122395	127209	12135	87731	910	49147	167	4902	208781	40334	0	0	99528	24	
172500001	1.00	117805	379923	465351	35233	497464	1688	248933	247	122586	127644	11872	87969	994	48853	130	4899	208709	40186	0	0	99507	6	
175000001	1.00	117912	382268	464304	34901	496394	1691	249553	204	122440	126578	12218	87944	948	49221	104	4840	208772	39772	0	0	99911	25	
177500001	1.00	117447	380264	464663	34940	497216	1708	249907	198	122414	126822	12301	87534	957	49170	183	4742	209677	40127	0	0	99716	14	
180000001	1.00	117438	381626	464250	34872	497031	1659	249096	226	122528	127832	12115	87412	922	48602	207	4798	209462	40549	0	0	99362	13	
182500001	1.00	118353	380559	464693	34816	495524	1643	250200	213	122343	127419	11877	87751	928	48649	139	4823	209503	40405	0	0	100132	30	
185000001	1.00	118240	381207	463800	34895	497538	1697	249230	215	122046	127128	12005	87390	897	48998	135	4733	209330	40629	0	0	99873	13	
187500001	1.00	118027	380688	464557	34706	496803	1674	249291	211	121606	127671	12314	88451	895	49174	141	4832	209100	40340	0	0	99504	15	
190000001	1.00	117752	381618	463998	34870	497233	1704	249099	213	121915	127404	11982	87305	951	49051	217	4744	209760	40656	0	0	99517	11	
192500001	1.00	117404	381343	465103	34531	498275	1663	248772	178	122688	127183	12075	87543	926	48930	176	4816	208540	40325	0	0	99523	6	
195000001	1.00	118009	381344	464992	34634	497224	1654	248931	195	122138	127424	11878	87767	883	49082	151	4828	209219	39958	0	0	99668	20	
197500001	1.00	118641	380205	464765	34543	497116	1724	248997	219	122514	127436	11879	88064	898	49089	149	4703	209213	40330	0	0	99502	13	
200000001	1.00	117365	381600	465090	34547	497369	1636	248370	222	121997	127742	12200	87630	956	49357	229	4738	209131	40183	0	0	99623	15	
202500001	1.00	118014	380980	464978	34499	496943	1641	249594	225	122286	126792	12081	87690	920	49348	140	4837	209618	39758	0	0	99643	13	
205000001	1.00	117224	380585	464577	34942	496497	1680	249277	200	122210	127915	12027	88050	967	48939	209	4752	209510	40443	0	0	99986	10	
207500001	1.00	116679	382166	465003	34997	498002	1655	248483	197	121916	127927	12243	87805	970	48459	229	4768	208576	40824	0	0	99085	16	
210000001	1.00	118236	381158	464500	34867	496865	1728	249232	229	122621	126782	12422	87660	957	48902	143	4694	208956	40445	0	0	99593	10	
