#Steps ,and Temp, are followed by (rej, acc) for each MC Move.
#(nStep, T) TRANS CLSTER SM_CLSTER FACE LOCAL DBPVT PIVOT BR_ROT
0	1.30	0	1	0	0	0	0	0	0	0	0	0	0	0	0	0	0	0	0	0	0	0	0	
2500000	1.30	190499	432770	571364	51371	620125	3890	311384	504	0	0	122864	1231	22742	39521	785	5497	0	0	112390	13063	0	0	
5000000	1.30	190035	432524	573096	50953	618392	4065	312611	496	0	0	123887	923	23067	38960	765	5582	0	0	111701	12943	0	0	
7500000	1.30	189226	433803	573066	51751	618654	4111	312323	502	0	0	123384	788	22171	39906	848	5305	0	0	111258	12903	0	0	
10000000	1.30	189266	433730	571371	52022	619771	4008	311750	485	0	0	123200	1045	22320	40197	1119	5053	0	0	111553	13110	0	0	
12500000	1.30	189624	434229	571576	51565	619320	3853	311483	523	0	0	124062	891	23435	38939	1153	5145	0	0	111211	12991	0	0	
15000000	1.30	189155	433937	571116	52184	620546	4044	311180	496	0	0	123760	1020	23281	38857	1183	5027	0	0	111143	13071	0	0	
17500000	1.30	189277	433976	571922	51890	619408	4028	311731	482	0	0	123631	1211	23430	38720	1319	4909	0	0	111079	12987	0	0	
20000000	1.30	190059	433337	571904	51728	619166	4030	311985	487	0	0	123903	1084	22880	39073	1123	5027	0	0	111140	13074	0	0	
22500000	1.30	189248	432794	573291	51885	619659	4241	311143	507	0	0	123494	1179	22394	39835	813	5350	0	0	111151	13015	0	0	
25000000	1.30	188345	434177	571768	52096	620360	3952	310908	499	0	0	123502	1087	22903	39543	925	5290	0	0	111520	13125	0	0	
27500000	1.30	190068	433101	572329	51416	620426	3998	310674	483	0	0	123927	865	23319	38856	1092	5124	0	0	111224	13098	0	0	
30000000	1.30	190073	433212	572944	51503	618807	4030	311782	499	0	0	123642	797	21923	40261	877	5296	0	0	111620	12734	0	0	
32500000	1.30	190138	432841	572775	51948	618277	3942	311523	498	0	0	123688	883	21959	40793	899	5366	0	0	111448	13022	0	0	
35000000	1.30	189896	433982	571332	51927	619310	3915	311273	503	0	0	123744	1138	20887	41371	850	5278	0	0	111454	13140	0	0	
37500000	1.30	190290	433546	571862	51754	618185	4014	312230	503	0	0	123371	895	21477	40918	834	5396	0	0	111842	12883	0	0	
40000000	1.30	189804	432199	573282	51887	619963	4125	310774	485	0	0	123533	1187	21387	40502	939	5389	0	0	111441	13103	0	0	
42500000	1.30	190265	433094	572240	51644	619779	4237	310732	482	0	0	123783	1114	21459	40370	873	5413	0	0	111323	13192	0	0	
45000000	1.30	189508	434577	571175	52270	619218	4145	311348	487	0	0	124184	724	20973	40944	880	5352	0	0	111283	12932	0	0	
47500000	1.30	190228	433963	571514	51728	618853	4114	310863	514	0	0	124144	816	21398	40735	880	5399	0	0	112038	12812	0	0	
50000000	1.30	189728	433696	570761	51872	619796	4036	311042	503	0	0	124194	1024	20492	41681	949	5322	0	0	111862	13042	0	0	
52500000	1.30	190438	432921	571479	52118	619566	4076	310943	480	0	0	124255	1078	19638	42651	981	5202	0	0	111212	12962	0	0	
55000000	1.30	189811	433385	571646	52159	618970	4197	311282	498	0	0	124354	1030	19598	42341	986	5279	0	0	111483	12981	0	0	
57500000	1.30	189312	433855	570599	52481	619704	4146	311766	483	0	0	122714	1293	19326	43156	877	5420	0	0	111753	13115	0	0	
60000000	1.30	189487	434635	571011	52647	619364	4134	310119	503	0	0	123322	1370	20029	42082	871	5343	0	0	111872	13211	0	0	
62500000	1.30	189451	433540	570715	52870	619346	4172	310957	554	0	0	123271	1392	20148	42230	1030	5228	0	0	111775	13321	0	0	
65000000	1.30	189356	434326	569785	52870	620079	4072	311372	498	0	0	123570	1039	19754	42872	1061	5038	0	0	111211	13097	0	0	
67500000	1.30	189241	433888	570623	52758	619793	4131	311401	506	0	0	123079	1312	19844	42472	1024	5097	0	0	111667	13164	0	0	
70000000	1.30	189839	433859	571319	52767	618783	4076	311143	508	0	0	123399	1471	19495	42759	1040	5164	0	0	111121	13257	0	0	
72500000	1.30	188620	433926	570170	53042	620659	4169	310854	499	0	0	123026	1425	19813	42461	1251	4915	0	0	112004	13166	0	0	
75000000	1.30	189354	433627	570556	52607	619693	4104	311028	507	0	0	123601	1422	19306	42988	1252	5003	0	0	111729	13222	0	0	
77500000	1.30	188971	435161	570596	53161	619212	4169	311183	506	0	0	122582	1521	19705	42587	1169	5130	0	0	111094	13252	0	0	
80000000	1.30	189330	434325	570574	52078	620025	4062	310889	537	0	0	123754	1409	20178	41958	1042	5041	0	0	111822	12976	0	0	
82500000	1.30	189721	433606	569418	53415	620572	4084	310779	510	0	0	123627	1155	20308	41940	969	5393	0	0	111410	13093	0	0	
85000000	1.30	189708	433622	570573	52501	619188	4117	311781	525	0	0	123370	1148	19567	43142	1110	5211	0	0	111270	13167	0	0	
87500000	1.30	189436	434689	570157	53136	618222	4279	311097	505	0	0	123473	1404	20125	42199	1151	5107	0	0	111874	13145	0	0	
90000000	1.30	187936	434076	569203	52800	620647	4260	312141	563	0	0	123444	1300	19616	42969	1134	5152	0	0	111665	13094	0	0	
92500000	1.30	188667	433619	570848	52805	619393	4230	312169	507	0	0	122850	1576	18235	43761	1004	5150	0	0	111678	13508	0	0	
95000000	1.30	188656	434534	569337	53319	619209	4146	312791	498	0	0	122021	2260	18089	44177	1026	5245	0	0	111022	13670	0	0	
97500000	1.30	189213	434667	569474	53106	618562	4181	311796	513	0	0	122924	1813	19126	43705	1364	4896	0	0	111288	13372	0	0	
100000000	1.30	189752	432399	570073	53167	620802	4223	310836	501	0	0	123872	1155	19411	43209	1333	4815	0	0	111286	13166	0	0	
102500000	1.30	190186	432584	570681	52836	620232	4154	311777	511	0	0	123108	1198	18944	43260	1077	5194	0	0	111156	13102	0	0	
105000000	1.30	189371	433721	570271	53677	619214	4256	311253	515	0	0	123187	1551	17778	44293	940	5282	0	0	111252	13439	0	0	
107500000	1.30	189466	433518	569604	53188	620492	4264	310878	516	0	0	123092	1191	17787	44973	982	5226	0	0	111677	13146	0	0	
110000000	1.30	191445	432754	569585	52951	619787	4322	311418	549	0	0	123067	1163	17249	45123	1037	5211	0	0	111276	13063	0	0	
112500000	1.30	189205	433974	571100	53640	618897	4227	311351	489	0	0	123110	1101	17333	44850	1014	5146	0	0	111605	12958	0	0	
115000000	1.30	190040	432718	570038	52988	619121	4189	311678	512	0	0	123203	1180	17385	45471	1043	5214	0	0	112086	13134	0	0	
117500000	1.30	189874	433744	571708	53012	618732	4181	310584	537	0	0	123310	1127	17868	44579	897	5388	0	0	111561	12897	0	0	
120000000	1.30	190019	432960	570790	53272	619632	4143	311097	528	0	0	124372	821	17627	44358	963	5174	0	0	111566	12678	0	0	
122500000	1.30	189437	433645	569868	53150	619692	4141	311680	482	0	0	124078	696	17398	44925	1106	5072	0	0	111631	12999	0	0	
125000000	1.30	190715	432868	569736	52903	619957	4242	311768	478	0	0	123843	721	17932	43852	1013	5200	0	0	112038	12734	0	0	
127500000	1.30	190388	432029	570672	52869	619614	4231	311477	493	0	0	123885	900	17237	44982	1065	5191	0	0	112028	12939	0	0	
130000000	1.30	189743	432579	570750	53491	619379	4222	311458	486	0	0	123534	881	17372	44978	1152	5049	0	0	111876	13050	0	0	
132500000	1.30	190231	432393	571260	52774	619585	4186	311739	478	0	0	123356	879	16819	45687	1122	5087	0	0	111696	12708	0	0	
135000000	1.30	190773	432127	569760	53133	620576	4313	311415	496	0	0	123508	777	16808	45555	1030	5232	0	0	111713	12784	0	0	
137500000	1.30	189358	432851	570593	53139	619741	4146	310902	514	0	0	124159	739	17046	45670	1004	5065	0	0	112086	12987	0	0	
140000000	1.30	189948	433475	571772	53032	618366	4229	310481	543	0	0	123577	984	17426	44688	1027	5253	0	0	112229	12970	0	0	
142500000	1.30	189873	433505	570022	53418	618488	4315	311697	537	0	0	123637	1211	17327	44742	998	5259	0	0	111783	13188	0	0	
145000000	1.30	190897	432370	569155	53556	619417	4247	311456	506	0	0	123896	1088	17657	44388	967	5291	0	0	112017	13092	0	0	
147500000	1.30	189741	434295	569512	53050	619708	4272	311661	499	0	0	123192	1166	17248	44765	1017	5345	0	0	111477	13051	0	0	
150000000	1.30	189614	433016	569532	53476	619463	4210	311094	513	0	0	124230	1093	17488	44959	1068	5087	0	0	112303	12854	0	0	
152500000	1.30	188875	433602	569468	53700	619584	4246	311855	568	0	0	123154	1418	16800	45900	1105	5223	0	0	111284	13218	0	0	
155000000	1.30	190043	431810	570269	53272	620570	4422	310768	535	0	0	123622	1097	17008	45664	1215	5017	0	0	111649	13039	0	0	
157500000	1.30	189043	433518	570329	53495	618777	4197	311470	550	0	0	123993	975	16361	46025	1320	4916	0	0	111908	13123	0	0	
160000000	1.30	189562	432668	571365	53792	618732	4330	311361	528	0	0	123962	934	16054	45950	1387	4854	0	0	111632	12889	0	0	
162500000	1.30	188977	433873	568793	53961	619659	4392	311698	525	0	0	123727	1199	16442	45651	1362	4874	0	0	111684	13183	0	0	
165000000	1.30	188561	433754	570201	54246	619456	4238	310941	590	0	0	122855	1779	16577	45657	1523	4779	0	0	111293	13550	0	0	
167500000	1.30	189684	434344	568172	54155	619033	4208	312389	486	0	0	123246	1718	16110	46139	1588	4625	0	0	110925	13178	0	0	
170000000	1.30	189632	433602	569534	53807	619282	4241	311194	520	0	0	123697	1498	16720	45752	1289	4920	0	0	111105	13206	0	0	
172500000	1.30	189539	433854	570481	53517	619873	4326	310874	544	0	0	122683	1608	17022	45302	1377	4859	0	0	110905	13236	0	0	
175000000	1.30	191226	432530	570165	53068	620068	4374	310658	516	0	0	123025	1230	17237	45263	1337	4913	0	0	111287	13103	0	0	
177500000	1.30	189968	433187	571029	53864	619135	4108	310950	495	0	0	123168	1238	16686	45201	1485	4677	0	0	111564	13245	0	0	
180000000	1.30	191085	432578	569533	53912	620331	4288	310636	576	0	0	122908	1294	17125	45078	1419	4956	0	0	111057	13224	0	0	
182500000	1.30	189515	432852	570457	52995	619107	4360	311204	519	0	0	123930	1038	16785	45769	1625	4572	0	0	112118	13154	0	0	
185000000	1.30	188987	433609	570568	53103	619530	4172	311807	468	0	0	123558	1107	16787	45511	1355	4831	0	0	111553	13054	0	0	
187500000	1.30	189345	433203	570719	53840	619708	4459	310353	604	0	0	123202	1606	17161	45486	1380	4930	0	0	110765	13239	0	0	
190000000	1.30	189616	432938	569978	53766	619315	4159	311142	554	0	0	123615	1633	17598	45183	1240	5095	0	0	111089	13079	0	0	
192500000	1.30	189426	433155	570105	53466	619771	4350	311027	528	0	0	123335	1464	17408	45040	1164	5055	0	0	111524	13182	0	0	
195000000	1.30	188953	434410	570380	52971	619065	4217	311451	505	0	0	123774	1303	17473	44789	1069	5157	0	0	111534	12949	0	0	
197500000	1.30	189057	433332	569986	53839	618975	4254	311958	508	0	0	124008	1051	16657	45538	1049	5187	0	0	111565	13036	0	0	
200000000	1.30	189633	433186	569839	53610	619081	4164	311474	545	0	0	123820	1220	17103	45391	1156	5179	0	0	111495	13104	0	0	
