#Steps ,and Temp, are followed by (rej, acc) for each MC Move.
#(nStep, T) TRANS CLSTER SM_CLSTER FACE LOCAL DBPVT PIVOT BR_ROT
0	1000.00	0	0	0	0	0	0	1	0	0	0	0	0	0	0	0	0	0	0	0	0	0	0	
2500000	1000.00	580076	42263	581288	42423	582141	42772	310433	774	0	0	122378	2180	61106	1101	6191	101	0	0	103195	21578	0	0	
5000000	1000.00	608889	13480	609058	13659	610839	13732	311639	205	0	0	124360	5	62723	3	6314	0	0	0	112386	12708	0	0	
7500000	1000.00	619791	4233	619146	4249	618865	4320	311311	52	0	0	124085	5	62663	2	6311	0	0	0	112519	12447	0	0	
10000000	1000.00	621916	1025	622777	1082	622473	1110	311541	23	0	0	124080	0	62546	0	6277	0	0	0	112710	12440	0	0	
12500001	1.37	153048	471072	620975	2940	622135	13	312098	25	0	0	124649	0	62503	0	6252	0	0	0	111846	12445	0	0	
15000001	1.14	175813	445745	621939	2755	624025	14	312242	15	0	0	124081	4	62494	0	6291	0	0	0	112177	12405	0	0	
17500001	1.05	184846	436749	618542	5296	623848	38	312360	63	0	0	124959	65	62085	0	6033	0	0	0	112606	12510	0	0	
20000001	1.02	187998	434980	612566	10844	623285	182	311709	108	0	0	124545	85	62392	1	6158	0	0	0	112383	12764	0	0	
22500001	1.01	192884	429701	608499	15524	624040	450	311297	168	0	0	124057	59	62201	0	6171	0	0	0	112194	12755	0	0	
25000001	1.00	184576	438046	589420	33513	622993	1026	311673	469	0	0	113110	11343	52447	9910	4578	1577	0	0	107133	18186	0	0	
27500001	1.00	191988	430669	585844	38918	621879	1607	311586	432	0	0	115733	8364	46625	15812	407	5883	0	0	107565	16688	0	0	
30000001	1.00	198339	424168	586945	37511	622526	1851	310793	370	0	0	119167	5507	47607	14634	651	5576	0	0	108963	15392	0	0	
32500001	1.00	202903	420466	587390	35756	622610	2087	311151	353	0	0	121299	3777	47522	14783	470	5691	0	0	109574	14168	0	0	
35000001	1.00	205435	416265	588720	35434	623454	2053	310427	350	0	0	122394	2463	47173	15162	392	5870	0	0	110714	13694	0	0	
37500001	1.00	208329	413880	588345	35316	621881	2273	310813	301	0	0	123311	1581	47344	15313	501	5722	0	0	111757	13333	0	0	
40000001	1.00	209304	413627	588320	35261	621782	2273	311047	347	0	0	123146	1428	46426	15922	517	5775	0	0	111509	13316	0	0	
42500001	1.00	210481	412156	588906	35049	621426	2357	312244	298	0	0	122967	1698	47251	14877	483	5485	0	0	111053	13269	0	0	
45000001	1.00	211491	411934	588482	34782	620689	2416	311378	322	0	0	123437	1425	47095	15036	557	5733	0	0	111984	13239	0	0	
47500001	1.00	211414	410885	588377	34651	623254	2582	310512	314	0	0	123422	1007	47815	14639	711	5615	0	0	112043	12759	0	0	
50000001	1.00	213065	409931	589541	34677	621696	2538	310951	316	0	0	123454	841	48257	14042	560	5695	0	0	111674	12762	0	0	
52500001	1.00	212934	409096	588053	35125	622006	2593	311616	298	0	0	123693	832	48220	14027	565	5603	0	0	112369	12970	0	0	
55000001	1.00	213932	409028	588511	34538	622194	2658	311371	318	0	0	123390	982	47995	14368	602	5618	0	0	111512	12983	0	0	
57500001	1.00	213569	409688	587518	34405	621415	2604	312437	312	0	0	123909	780	47921	14699	617	5644	0	0	111625	12857	0	0	
60000001	1.00	213904	410138	588240	35223	620992	2642	310960	298	0	0	123848	916	47363	14943	627	5606	0	0	111447	12853	0	0	
62500001	1.00	213062	409856	587997	35080	622501	2547	311224	301	0	0	123592	831	48030	14295	692	5638	0	0	111430	12924	0	0	
65000001	1.00	213857	407743	589037	34708	621980	2594	311836	276	0	0	123351	722	48164	14458	668	5582	0	0	112238	12786	0	0	
67500001	1.00	214702	408442	587915	35141	620303	2567	311973	312	0	0	124875	526	47836	14163	667	5487	0	0	112115	12976	0	0	
70000001	1.00	215126	408840	589373	34214	620636	2595	312018	264	0	0	124060	476	46986	14903	644	5546	0	0	111819	12500	0	0	
72500001	1.00	215716	406825	589979	34679	620800	2723	311118	269	0	0	124091	379	47604	14839	747	5538	0	0	111936	12757	0	0	
75000001	1.00	215790	407547	586641	34889	621766	2531	312417	280	0	0	124199	576	47994	14574	659	5528	0	0	111940	12669	0	0	
77500001	1.00	215066	407954	589883	34817	619595	2634	310456	265	0	0	124228	1123	47567	14790	784	5422	0	0	112253	13163	0	0	
80000001	1.00	215403	408097	588843	34946	620753	2665	311449	298	0	0	123668	1101	47544	14480	702	5568	0	0	111555	12928	0	0	
82500001	1.00	215074	408372	589132	34942	620528	2678	311073	275	0	0	123686	1066	47662	14917	888	5320	0	0	111418	12969	0	0	
85000001	1.00	215222	407470	588562	34887	620537	2692	311761	290	0	0	123557	1132	46783	15344	936	5314	0	0	112456	13057	0	0	
87500001	1.00	215450	408495	587695	35637	620701	2839	311021	297	0	0	123575	1213	46391	15637	887	5389	0	0	111844	12929	0	0	
90000001	1.00	216028	407056	587242	35229	620898	2721	313178	284	0	0	123113	1251	46545	15539	987	5271	0	0	111657	13001	0	0	
92500001	1.00	215480	408105	587066	35317	620910	2807	311363	305	0	0	123274	1145	47364	15401	893	5368	0	0	112098	13104	0	0	
95000001	1.00	215884	406683	587970	35231	621760	2722	311532	310	0	0	123329	1460	46741	15618	869	5283	0	0	111590	13018	0	0	
97500001	1.00	215712	406299	587634	35579	621610	2806	311745	309	0	0	124019	977	46428	16091	748	5421	0	0	111673	12949	0	0	
100000001	1.00	215596	406536	587697	35823	621717	2656	310758	293	0	0	124408	703	46275	16565	749	5492	0	0	111777	12955	0	0	
102500001	1.00	215557	407503	587801	35697	621435	2716	310974	316	0	0	123465	784	45725	16587	722	5532	0	0	111962	13224	0	0	
105000001	1.00	216151	405946	588295	35412	621160	2789	311641	288	0	0	123912	851	45505	17003	827	5393	0	0	112076	12751	0	0	
107500001	1.00	216103	405840	588354	35782	621009	2792	312052	327	0	0	123689	854	45290	16944	786	5419	0	0	111777	12982	0	0	
110000001	1.00	216228	407102	587290	36053	620393	2779	311740	312	0	0	123739	930	45460	17076	860	5495	0	0	111545	12998	0	0	
112500001	1.00	216383	407067	586956	36222	620068	2812	311658	309	0	0	123830	1070	45197	17006	741	5527	0	0	111907	13247	0	0	
115000001	1.00	215929	407621	588340	36004	620328	2760	311299	294	0	0	124086	871	44104	17765	819	5520	0	0	111360	12900	0	0	
117500001	1.00	217947	405981	588139	35434	620758	2921	310637	278	0	0	124153	533	45125	17277	808	5422	0	0	111954	12633	0	0	
120000001	1.00	218219	405553	587904	36001	621024	2885	311113	293	0	0	123722	465	44488	17720	783	5477	0	0	111714	12639	0	0	
122500001	1.00	217474	405650	587982	35546	619987	2864	312057	292	0	0	123703	527	44874	17628	706	5598	0	0	112330	12782	0	0	
125000001	1.00	217234	405122	588994	34810	620857	2785	311466	270	0	0	124353	564	44901	17744	746	5528	0	0	111803	12823	0	0	
127500001	1.00	216999	406219	588677	36136	620555	2855	310886	276	0	0	123709	467	44551	18012	760	5386	0	0	111720	12792	0	0	
130000001	1.00	217345	406565	588094	35221	619562	2790	312028	304	0	0	124423	467	43497	18547	1034	5234	0	0	112129	12760	0	0	
132500001	1.00	218097	404172	589685	35586	620752	2816	311466	318	0	0	123797	816	43415	18535	1084	5245	0	0	111312	12904	0	0	
135000001	1.00	217980	406409	588872	35784	620142	2887	310654	300	0	0	122997	1258	43717	18581	1314	4960	0	0	111015	13130	0	0	
137500001	1.00	217054	405724	587562	36457	620624	3004	311425	297	0	0	123600	1572	43745	18594	1285	4976	0	0	110897	13184	0	0	
140000001	1.00	217512	405404	587385	36789	621132	2936	310899	307	0	0	122936	1729	43444	18792	1225	5062	0	0	111377	13071	0	0	
142500001	1.00	217241	405566	586495	36422	621269	2960	311851	282	0	0	122979	1496	44239	18208	1290	5001	0	0	111500	13201	0	0	
145000001	1.00	216955	407302	587073	36839	620464	2885	311161	297	0	0	122899	1384	43291	18681	1298	4903	0	0	111510	13058	0	0	
147500001	1.00	216392	407018	585704	36909	620302	3097	312299	303	0	0	123757	1256	43283	18737	1318	4853	0	0	111608	13164	0	0	
150000001	1.00	216189	407633	586305	37042	619718	2964	311776	347	0	0	123600	1382	43824	18617	1415	4860	0	0	111201	13127	0	0	
152500001	1.00	217614	404988	586840	36612	620159	2873	311708	315	0	0	124130	1198	43443	18941	1391	4798	0	0	111971	13019	0	0	
155000001	1.00	217601	405473	586202	36899	620739	3077	311477	280	0	0	123962	884	43510	19318	1208	4907	0	0	111593	12870	0	0	
157500001	1.00	217605	405774	587202	36565	619873	3049	311553	328	0	0	124172	506	43486	18787	1374	4968	0	0	112069	12689	0	0	
160000001	1.00	218424	404390	587120	36602	620247	2879	312240	266	0	0	124611	439	43904	18571	837	5439	0	0	111399	12632	0	0	
162500001	1.00	217774	404013	588021	36328	621082	2892	311944	279	0	0	124082	587	43420	18947	725	5441	0	0	111735	12730	0	0	
165000001	1.00	217666	405142	586329	36864	620955	3065	311988	279	0	0	124118	640	42546	19709	741	5531	0	0	111764	12663	0	0	
167500001	1.00	218329	404370	585833	37005	621000	3076	311635	279	0	0	123918	705	42806	19537	690	5569	0	0	112418	12830	0	0	
170000001	1.00	217701	405905	586719	37123	618853	3032	312445	301	0	0	123820	1032	42349	20131	751	5578	0	0	111441	12819	0	0	
172500001	1.00	218325	404937	587365	36939	620670	3006	310735	312	0	0	123601	941	42207	19877	671	5566	0	0	111809	13039	0	0	
175000001	1.00	217863	405250	586414	36800	621027	3207	311307	302	0	0	124188	827	42758	19468	732	5456	0	0	111596	12805	0	0	
177500001	1.00	217383	406888	586847	37134	620490	3119	310541	293	0	0	123552	858	43074	19298	701	5471	0	0	111498	12853	0	0	
180000001	1.00	217718	404962	587237	37272	619914	3108	311365	286	0	0	123772	914	42890	19276	678	5517	0	0	112096	12995	0	0	
182500001	1.00	217165	405045	587443	38010	619937	3015	311026	299	0	0	124013	1201	42260	19667	665	5560	0	0	111636	13058	0	0	
185000001	1.00	216894	404888	585877	37761	621097	3090	311709	308	0	0	123480	1014	42263	20077	679	5533	0	0	112155	13175	0	0	
187500001	1.00	217485	405250	585378	37729	621336	3027	311687	343	0	0	123852	954	42514	19946	643	5696	0	0	111332	12827	0	0	
190000001	1.00	217487	406078	587288	37722	619714	3029	310989	310	0	0	123487	1043	42054	20298	757	5294	0	0	111431	13019	0	0	
192500001	1.00	217763	405544	584786	37737	621051	3274	311695	321	0	0	123664	1222	41378	20689	617	5568	0	0	111685	13006	0	0	
195000001	1.00	217651	405841	585298	38214	619369	3154	312216	304	0	0	123153	1501	41717	20580	652	5604	0	0	111371	13375	0	0	
197500001	1.00	218860	403869	585711	38023	621192	3267	311020	321	0	0	123446	1299	41585	20694	615	5549	0	0	111480	13069	0	0	
200000001	1.00	218067	404331	585611	37528	620696	3099	311763	301	0	0	124086	1174	42542	19639	645	5671	0	0	111956	12891	0	0	
202500001	1.00	217120	404780	584673	37875	622642	3119	311458	301	0	0	123228	1071	42337	20184	626	5517	0	0	112143	12926	0	0	
205000001	1.00	218308	404853	584871	37563	620461	3124	312398	335	0	0	124130	782	41706	20533	667	5606	0	0	111972	12691	0	0	
207500001	1.00	219064	402623	585984	38248	621152	3281	311573	329	0	0	123610	1265	41212	21046	640	5671	0	0	111154	13148	0	0	
210000001	1.00	218321	405364	584476	37945	620472	3152	311335	305	0	0	123475	954	41489	21248	629	5680	0	0	111965	13190	0	0	
