#Steps ,and Temp, are followed by (rej, acc) for each MC Move.
#(nStep, T) TRANS CLSTER SM_CLSTER FACE LOCAL DBPVT PIVOT BR_ROT
0	1.75	0	0	0	0	1	0	0	0	0	0	0	0	0	0	0	0	0	0	0	0	0	0	
2500000	1.75	90018	466443	508576	47756	552815	1750	277002	327	119175	159134	0	0	0	0	0	0	225229	51775	0	0	0	0	
5000000	1.75	89886	465585	509145	48079	552617	1772	278071	298	118819	158425	0	0	0	0	0	0	226130	51173	0	0	0	0	
7500000	1.75	90049	465893	508147	47192	553996	1686	277276	297	118389	159220	0	0	0	0	0	0	225986	51869	0	0	0	0	
10000000	1.75	89879	464682	508551	47575	554413	1800	277478	329	118581	158983	0	0	0	0	0	0	226357	51372	0	0	0	0	
12500000	1.75	89914	466842	508053	47891	554363	1737	276658	317	117505	159109	0	0	0	0	0	0	225958	51652	0	0	0	0	
15000000	1.75	90301	465348	508979	47638	552645	1750	277238	364	118727	158879	0	0	0	0	0	0	226403	51728	0	0	0	0	
17500000	1.75	90408	464166	509110	47137	554207	1755	278182	297	118789	158741	0	0	0	0	0	0	225813	51395	0	0	0	0	
20000000	1.75	89780	465889	508174	47404	553346	1811	276848	306	118800	159683	0	0	0	0	0	0	226391	51568	0	0	0	0	
