#Steps ,and Temp, are followed by (rej, acc) for each MC Move.
#(nStep, T) TRANS CLSTER SM_CLSTER FACE LOCAL DBPVT PIVOT BR_ROT
0	1.50	0	0	0	0	0	0	1	0	0	0	0	0	0	0	0	0	0	0	0	0	0	0	
2500000	1.50	102372	453861	510907	44856	552766	1816	277994	293	122783	154226	0	0	0	0	0	0	228317	49809	0	0	0	0	
5000000	1.50	101620	453887	510836	44680	554301	1863	277165	276	123553	153681	0	0	0	0	0	0	229057	49081	0	0	0	0	
7500000	1.50	101627	454290	511548	44873	553815	1789	276552	312	123696	153235	0	0	0	0	0	0	229023	49240	0	0	0	0	
10000000	1.50	101722	453432	510892	45524	552095	1805	278022	310	122657	155214	0	0	0	0	0	0	228535	49792	0	0	0	0	
12500000	1.50	102246	454596	511466	44993	552430	1846	276920	287	123365	153768	0	0	0	0	0	0	228544	49539	0	0	0	0	
15000000	1.50	101850	453512	510802	44332	554141	1800	277118	297	123688	154691	0	0	0	0	0	0	228948	48821	0	0	0	0	
17500000	1.50	101752	453999	510968	44885	553533	1853	277802	295	123194	153929	0	0	0	0	0	0	228094	49696	0	0	0	0	
20000000	1.50	101926	454110	509776	44809	553169	1867	277967	304	123308	154926	0	0	0	0	0	0	228478	49360	0	0	0	0	
