#Steps ,and Temp, are followed by (rej, acc) for each MC Move.
#(nStep, T) TRANS CLSTER SM_CLSTER FACE LOCAL DBPVT PIVOT BR_ROT
0	1.25	0	0	0	0	1	0	0	0	0	0	0	0	0	0	0	0	0	0	0	0	0	0	
2500000	1.25	115867	439694	513218	41411	554369	1847	277312	276	129480	148171	0	0	0	0	0	0	231227	47128	0	0	0	0	
5000000	1.25	116230	438610	514348	41493	554181	1883	278114	249	128752	148704	0	0	0	0	0	0	230185	47251	0	0	0	0	
7500000	1.25	116900	439013	514428	41899	553508	1879	277410	263	129247	148140	0	0	0	0	0	0	230422	46891	0	0	0	0	
10000000	1.25	116001	439696	514355	41757	553313	1795	277232	287	129082	148562	0	0	0	0	0	0	230451	47469	0	0	0	0	
12500000	1.25	116259	439410	514323	42164	553317	1913	277362	260	130063	147360	0	0	0	0	0	0	231266	46303	0	0	0	0	
15000000	1.25	115669	440561	514073	41419	554260	1801	277452	265	128159	148508	0	0	0	0	0	0	230720	47113	0	0	0	0	
17500000	1.25	116307	440773	514153	42045	553102	1884	277154	284	129202	148039	0	0	0	0	0	0	230075	46982	0	0	0	0	
20000000	1.25	115707	438945	514341	41696	553791	1860	278342	256	129133	148121	0	0	0	0	0	0	230841	46967	0	0	0	0	
